ʱ	ʱ	ʼʱ	ʱ	תʱ	Ȩתʱ
0		5		0		5		5		1.00
1		4		5		9		8.00		2.00
3		7		9		16		13.00		1.86
6		5		16		21		15.00		3.00
8		6		21		27		19.00		3.17

=== ʱƬתȣRR ===
ʱ	ʱ	ʼʱ	ʱ	תʱ	Ȩתʱ
0		5		0		13		13		2.60
1		4		2		10		9.00		2.25
3		7		6		27		24.00		3.43
6		5		10		24		18.00		3.60
8		6		13		26		18.00		3.00

=== 先来先服务调度（FCFS） ===
进程名	到达时间	运行时间	开始时间	完成时间	周转时间	带权周转时间
processA	0	5	0	5	5	1.00
processB	1	4	5	9	8	2.00
processC	3	7	9	16	13	1.86
processD	6	5	16	21	15	3.00
processE	8	6	21	27	19	3.17

=== 时间片轮转调度（RR） ===
进程名	到达时间	运行时间	开始时间	完成时间	周转时间	带权周转时间
processA	0	5	0	13	13	2.60
processB	1	4	5	10	9	2.25
processC	3	7	9	27	24	3.43
processD	6	5	16	24	18	3.60
processE	8	6	21	26	18	3.00

=== 先来先服务调度（FCFS） ===
进程名	到达时间	运行时间	开始时间	完成时间	周转时间	带权周转时间
processA	0	5	0	5	5	1.00
processB	1	4	5	9	8	2.00
processC	3	7	9	16	13	1.86
processD	6	5	16	21	15	3.00
processE	8	6	21	27	19	3.17

=== 时间片轮转调度（RR） ===
进程名	到达时间	运行时间	开始时间	完成时间	周转时间	带权周转时间
processA	0	5	0	11	11	2.20
processB	1	4	5	15	14	3.50
processC	3	7	9	27	24	3.43
processD	6	5	16	23	17	3.40
processE	8	6	21	26	18	3.00
